-------------------------- sell price ---------------------

119
116
118
117
115
118
126
131
137
139
141
143
144
143
142
141
141
140
139
141
138
136
131
129

{119,116,118,117,115,118,126,131,137,139,141,143,144,143,142,141,141,140,139,141,138,136,131,129 };

---------------------- Buy Price -----------------------

139
136
137
136
134
138
146
151
156
159
161
163
164
163
162
161
161
160
159
161
158
156
151
149

{139,136,137,136,134,138,146,151,156,159,161,163,164,163,162,161,161,160,159,161,158,156,151,149};